[ms, ppb]

5000,0
10000,0
15000,0
20000,0
25000,5
30000,16
35000,23
40000,28
45000,32
50000,34
55000,34
60000,34
65000,34
70000,34
75000,34
80000,35
85000,37
90000,39
95000,42
100000,45
105000,51
110000,57
115000,63
120000,70
125000,76
130000,81
135000,85
140000,90
145000,94
150000,98
155000,102
160000,105
165000,108
170000,111
175000,115
180000,118
185000,121
190000,122
195000,123
200000,122
205000,120
210000,118
215000,115
220000,112
225000,108
230000,103
235000,98
240000,92
245000,87
250000,83
255000,80
260000,78
265000,77
270000,76
275000,74
280000,72
285000,70
290000,68
295000,68
300000,68
305000,69
310000,71
315000,72
320000,74
325000,76
330000,78
335000,81
340000,84
345000,86
350000,88
355000,89
360000,90
365000,92
370000,94
375000,96
380000,98
385000,99
390000,98
395000,96
400000,93
405000,90
410000,85
415000,82
420000,79
425000,77
430000,76
435000,76
440000,75
445000,75
450000,76
455000,76
460000,77
465000,77
470000,77
475000,77
480000,77
485000,78
490000,80
495000,83
500000,87
505000,91
510000,95
515000,99
520000,101
525000,102
530000,102
535000,102
540000,101
545000,99
550000,97
555000,96
560000,95
565000,94
570000,93
575000,91
580000,90
585000,88
590000,86
595000,84
600000,83
605000,83
610000,83
615000,83
620000,82
625000,82
630000,81
635000,81
640000,82
645000,84
650000,87
655000,91
660000,95
665000,100
670000,104
675000,108
680000,115
685000,123
690000,134
695000,145
700000,156
705000,165
710000,170
715000,173
720000,175
725000,176
730000,177
735000,179
740000,179
745000,178
750000,177
755000,174
760000,171
765000,167
770000,163
775000,158
780000,151
785000,143
790000,134
795000,123
800000,111
805000,100
810000,96
815000,95
820000,96
825000,96
830000,94
835000,91
840000,88
845000,85
850000,82
855000,79
860000,75
865000,71
870000,68
875000,65
880000,61
885000,58
890000,54
895000,52
900000,49
905000,47
910000,42
915000,35
920000,29
925000,25
930000,22
935000,21
940000,21
945000,21
950000,20
955000,20
960000,20
965000,20
970000,20
975000,20
980000,20
985000,20
990000,20
995000,20
1000000,20
1005000,20
1010000,20
1015000,20
1020000,20
1025000,20
1030000,20
1035000,20
1040000,20
1045000,20
1050000,20
1055000,20
1060000,20
1065000,20
1070000,20
1075000,20
1080000,20
1085000,20
1090000,20
1095000,20
1100000,20
1105000,20
1110000,20
1115000,20
1120000,20
1125000,20
1130000,20
1135000,20
1140000,20
1145000,20
1150000,20
1155000,20
1160000,20
1165000,20
1170000,20
1175000,20
1180000,20
1185000,20
1190000,20
1195000,20
1200000,20
1205000,20
1210000,20
1215000,20
1220000,20
1225000,20
1230000,20
1235000,20
1240000,20
1245000,20
1250000,20
1255000,20
1260000,20
1265000,20
1270000,20
1275000,20
1280000,20
1285000,20
1290000,20
1295000,20
1300000,20
1305000,20
1310000,20
1315000,20
1320000,20
1325000,20
1330000,20
1335000,20
1340000,20
1345000,20
1350000,20
1355000,20
1360000,20
1365000,20
1370000,20
1375000,20
1380000,20
1385000,20
1390000,20
1395000,20
1400000,20
1405000,20
1410000,20
1415000,20
1420000,20
1425000,20
1430000,20
1435000,20
1440000,20
1445000,20
1450000,20
1455000,20
1460000,20
1465000,20
1470000,20
1475000,20
1480000,20
1485000,20
1490000,20
1495000,20
1500000,20
1505000,20
1510000,20
1515000,20
1520000,20
1525000,20
1530000,20
1535000,20
1540000,20
1545000,20
1550000,20
1555000,20
1560000,20
1565000,20
1570000,20
1575000,20
1580000,20
1585003,20
1590064,20
1595064,20
1600064,20
1605064,20
1610064,20
1615064,20
1620064,20
1625064,20
1630064,20
1635064,20
1640064,20
1645064,20
1650064,20
1655064,20
1660064,20
1665064,20
1670064,20
1675064,20
1680065,20
1685065,20
1690065,20
1695065,20
1700065,20
1705065,20
1710065,20
1715068,20
1720068,20
1725068,20
1730068,20
1735068,20
1740071,21
1745071,21
1750071,21
1755071,21
1760071,21
1765071,21
1770071,21
1775071,21
1780071,21
1785071,21
1790071,21
1795071,21
1800071,21
1805071,21
1810071,21
1815071,21
1820071,21
1825071,21
1830071,21
1835071,20
1840071,20
1845071,20
1850071,20
1855071,20
1860130,20
1865130,20
1870130,20
1875130,20
1880130,20
1885130,20
1890130,20
1895130,20
1900130,20
1905130,20
1910130,20
1915130,20
1920130,20
1925130,20
1930130,20
1935130,20
1940130,20
1945130,20
1950130,20
1955130,20
1960130,20
1965130,20
1970130,20
1975130,20
1980130,20
1985130,21
1990130,21
1995130,21
2000130,21
2005130,21
2010130,21
2015130,21
2020130,21
2025130,21
2030130,21
2035130,21
2040130,21
2045130,21
2050130,21
2055130,21
2060130,24
2065130,27
2070130,27
2075130,28
2080130,28
2085130,28
2090130,28
2095130,28
2100130,28
2105130,28
2110130,28
2115130,28
2120130,28
2125130,28
2130130,28
2135130,28
2140130,28
2145130,31
2150130,37
2155130,44
2160130,45
2165130,45
2170130,44
2175130,44
2180130,43
2185130,43
2190130,43
2195130,43
2200130,43
2205130,43
2210130,43
2215130,43
2220130,43
2225130,43
2230130,43
2235130,43
2240130,43
2245130,40
2250130,33
2255130,26
2260130,21
2265130,20
2270130,20
2275130,20
2280130,20
2285130,20
2290130,20
2295130,20
2300130,20
2305130,20
2310130,20
2315130,20
2320130,20
2325130,20
2330130,20
2335130,20
2340130,20
2345130,20
2350130,20
2355130,20
2360130,20
2365130,20
2370130,20
2375130,20
2380130,20
2385130,20
2390130,20
2395130,20
2400130,20
2405130,20
2410130,20
2415130,20
2420130,20
2425130,20
2430130,20
2435130,20
2440130,20
2445130,20
2450130,20
2455130,20
2460130,20
2465130,20
2470130,20
2475130,20
2480130,20
2485130,20
2490130,20
2495130,20
2500130,20
2505130,20
2510130,20
2515130,20
2520130,20
2525130,20
2530130,20
2535130,20
2540130,20
2545130,20
2550130,20
2555130,20
2560130,20
2565130,20
2570130,20
2575130,20
2580130,20
2585130,20
2590130,20
2595130,20
2600130,20
2605130,20
2610130,20
2615130,20
2620130,20
2625130,20
2630130,20
2635130,20
2640130,20
2645130,20
2650130,20
2655130,20
2660130,20
2665130,20
2670130,20
2675130,20
2680130,20
2685130,20
2690130,20
2695130,20
2700130,20
2705130,20
2710130,20
2715130,20
2720130,20
2725130,20
2730130,20
2735130,20
2740130,20
2745130,20
2750130,20
2755130,20
2760130,20
2765130,20
2770130,20
2775130,20
2780130,20
2785130,20
2790130,20
2795130,20
2800130,20
2805130,20
2810130,20
2815130,20
2820130,20
2825130,20
2830130,20
2835130,20
2840130,20
2845130,20
2850130,20
2855130,20
2860130,20
2865130,20
2870130,20
2875130,20
2880130,20
2885130,20
2890130,20
2895130,20
2900130,20
2905130,20
2910130,20
2915130,20
2920130,20
2925130,20
2930130,20
2935130,20
2940130,20
2945130,20
2950130,20
2955130,20
2960130,20
2965130,20
2970130,20
2975130,20
2980130,20
2985130,20
2990130,20
2995130,20
3000130,20
3005130,20
3010130,20
3015130,20
3020130,20
3025130,20
3030130,20
3035130,20
3040130,20
3045130,20
3050130,20
3055130,20
3060130,20
3065130,20
3070130,20
3075130,20
3080130,20
3085130,20
3090130,20
3095130,20
3100130,20
3105130,20
3110130,20
3115130,20
3120130,20
3125130,20
3130130,20
3135130,20
3140130,20
3145130,20
3150130,20
3155130,20
3160130,20
3165130,20
3170130,20
3175130,20
3180130,20
3185130,20
3190130,20
3195130,20
3200130,20
3205130,20
3210130,20
3215130,20
3220130,20
3225130,20
3230130,20
3235130,20
3240130,20
3245130,20
3250130,20
3255130,20
3260130,20
3265130,20
3270130,20
3275130,20
3280130,20
3285130,20
3290130,20
3295130,20
3300133,20
3305133,20
3310137,20
3315137,20
3320137,20
3325137,20
3330137,20
3335137,20
3340137,20
3345137,20
3350137,20
3355137,20
3360137,20
3365137,20
3370137,20
3375137,20
3380137,20
3385137,20
3390137,20
3395137,20
3400137,20
3405137,20
3410137,20
3415137,20
3420137,20
3425137,20
3430137,20
3435137,20
3440137,20
3445137,20
3450137,20
3455137,20
3460137,20
3465137,20
3470137,20
3475137,20
3480137,20
3485137,20
3490137,20
3495137,20
3500137,20
3505137,20
3510137,20
3515137,20
3520137,20
3525137,20
3530137,20
3535137,20
3540137,20
3545137,20
3550137,20
3555137,20
3560137,20
3565137,20
3570137,20
3575137,20
3580137,20
3585137,20
3590137,20
3595137,20
3600137,20
3605137,20
3610137,20
3615137,20
3620137,20
3625137,20
3630137,20
3635137,20
3640137,20
3645137,20
3650137,20
3655137,20
3660137,20
3665137,20
3670137,20
3675137,20
3680137,20
3685137,20
3690137,20
3695137,20
3700137,20
3705137,20
3710137,20
3715137,20
3720137,20
3725137,20
3730137,20
3735137,20
3740137,20
3745137,20
3750137,20
3755137,20
3760137,20
3765137,20
3770137,20
3775137,20
3780137,20
3785137,20
3790137,20
3795137,20
3800137,20
3805137,20
3810137,20
3815137,20
3820137,20
3825137,20
3830137,20
3835137,20
3840137,20
3845137,20
3850137,20
3855137,20
3860137,20
3865137,20
3870137,20
3875137,20
3880137,20
3885137,20
3890137,20
3895137,20
3900137,20
3905137,20
3910137,20
3915137,20
3920137,20
3925137,20
3930137,20
3935137,20
3940137,20
3945137,20
3950137,20
3955137,20
3960137,20
3965137,20
3970137,20
3975137,20
3980137,20
3985137,20
3990137,20
3995137,20
4000137,20
4005137,20
4010137,20
4015137,20
4020137,20
4025137,20
4030137,20
4035137,20
4040137,20
4045137,20
4050137,20
4055137,20
4060137,20
4065137,20
4070137,20
4075137,20
4080137,20
4085137,20
4090137,20
4095137,20
4100137,20
4105137,20
4110137,20
4115137,20
4120137,20
4125137,20
4130137,20
4135137,20
4140137,20
4145137,20
4150137,20
4155137,20
4160137,20
4165137,20
4170137,20
4175137,20
4180137,20
4185137,20
4190137,20
4195137,20
4200137,20
4205137,20
4210137,20
4215137,20
4220137,20
4225137,20
4230137,20
4235137,20
4240137,20
4245137,20
4250137,20
4255137,20
4260137,20
4265137,20
4270137,20
4275137,20
4280137,20
4285137,20
4290137,20
4295137,20
4300137,20
4305137,20
4310137,20
4315137,20
4320137,20
4325137,20
4330137,20
4335137,20
4340137,20
4345137,20
4350137,20
4355137,20
4360137,20
4365137,20
4370137,20
4375137,20
4380137,20
4385137,20
4390137,20
4395137,20
4400137,20
4405137,20
4410137,20
4415137,20
4420137,20
4425137,20
4430137,20
4435137,20
4440137,20
4445137,20
4450137,20
4455137,20
4460137,20
4465137,20
4470137,20
4475137,20
4480137,20
4485137,20
4490137,20
4495137,20
4500137,20
4505137,20
4510137,20
4515137,20
4520137,20
4525137,20
4530137,20
4535137,20
4540137,20
4545137,20
4550137,20
4555137,20
4560137,20
4565137,20
4570137,20
4575137,20
4580137,20
4585137,20
4590137,20
4595137,20
4600137,20
4605137,20
4610137,20
4615137,20
4620137,20
4625137,20
4630137,20
4635137,20
4640137,20
4645137,20
4650137,20
4655137,20
4660137,20
4665137,20
4670137,21
4675137,21
4680137,21
4685137,21
4690137,21
4695137,21
4700137,21
4705137,21
4710137,21
4715137,21
4720137,21
4725137,21
4730137,21
4735137,21
4740137,21
4745137,21
4750137,21
4755137,21
4760137,21
4765137,21
4770137,20
4775137,20
4780137,20
4785137,20
4790137,20
4795137,20
4800137,20
4805137,20
4810137,20
4815137,20
4820137,20
4825137,20
4830137,20
4835137,20
4840137,20
4845137,20
4850137,20
4855137,20
4860137,20
4865137,20
4870137,20
4875137,20
4880137,20
4885137,20
4890137,20
4895137,20
4900137,20
4905137,20
4910137,20
4915138,20
4920138,20
4925138,20
4930138,20
4935138,20
4940138,20
4945138,20
4950138,20
4955138,20
4960138,20
4965138,20
4970138,20
4975138,20
4980138,20
4985138,20
4990138,20
4995138,20
5000138,20
5005138,20
5010138,20
5015138,20
5020138,20
5025138,20
5030138,20
5035138,20
5040138,20
5045138,20
5050138,20
5055138,20
5060138,20
5065138,20
5070138,20
5075138,20
5080138,20
5085138,20
5090138,20
5095138,20
5100138,20
5105138,20
5110138,20
5115138,20
5120138,20
5125138,20
5130138,20
5135138,20
5140138,20
5145138,20
5150138,20
5155138,20
5160138,20
5165138,20
5170138,20
5175138,20
5180138,20
5185138,20
5190138,20
5195138,20
5200138,20
5205138,20
5210138,20
5215138,20
5220138,20
5225138,20
5230138,20
5235138,20
5240138,20
5245138,20
5250138,20
5255138,20
5260138,20
5265138,20
5270138,20
5275138,20
5280138,20
5285138,20
5290138,20
5295138,20
5300138,20
5305138,20
5310138,20
5315138,22
5320138,27
5325138,29
5330138,29
5335138,29
5340138,29
5345138,29
5350138,29
5355138,29
5360138,29
5365138,29
5370138,29
5375138,29
5380138,29
5385138,29
5390138,29
5395138,29
5400138,29
5405138,29
5410138,29
5415138,27
5420138,22
5425138,20
5430138,20
5435138,20
5440138,20
5445138,20
5450138,20
5455138,20
5460138,20
5465138,20
5470138,20
5475138,20
5480138,20
5485138,20
5490138,20
5495138,20
5500138,20
5505138,20
5510138,20
5515138,20
5520138,22
5525138,25
5530138,28
5535138,29
5540138,29
5545138,29
5550138,29
5555138,29
5560138,29
5565138,29
5570138,29
5575138,29
5580138,29
5585138,29
5590138,29
5595138,29
5600138,29
5605138,29
5610138,29
5615138,29
5620138,27
5625138,24
5630138,21
5635138,20
5640138,20
5645138,20
5650138,20
5655138,20
5660138,20
5665138,20
5670138,20
5675138,20
5680138,20
5685138,21
5690138,23
5695138,25
5700138,26
5705138,26
5710138,26
5715138,26
5720138,26
5725138,26
5730138,26
5735138,26
5740138,26
5745138,26
5750138,26
5755138,26
5760138,26
5765138,26
5770138,26
5775138,26
5780138,26
5785138,25
5790138,22
5795138,21
5800138,20
5805138,20
5810138,20
5815138,20
5820138,20
5825138,20
5830138,20
5835138,20
5840138,20
5845138,20
5850138,20
5855138,20
5860138,20
5865138,20
5870138,20
5875138,20
5880138,20
5885138,20
5890138,20
5895138,21
5900138,22
5905138,23
5910138,25
5915138,27
5920138,31
5925138,35
5930138,38
5935138,40
5940138,42
5945138,45
5950138,49
5955138,52
5960138,54
5965138,56
5970138,57
5975138,59
5980138,61
5985138,63
5990138,65
5995138,65
6000138,65
6005138,65
6010138,63
6015138,61
6020138,57
6025138,53
6030138,50
6035138,48
6040138,46
6045138,43
6050138,39
6055138,36
6060138,34
6065138,32
6070138,31
6075138,29
6080138,27
6085138,25
6090138,22
6095138,21
6100138,20
6105138,20
6110138,20
6115138,21
6120138,21
6125138,21
6130138,21
6135138,21
6140138,21
6145138,22
6150138,23
6155138,25
6160138,25
6165138,25
6170138,25
6175138,25
6180138,25
6185138,25
6190138,25
6195138,25
6200138,25
6205138,25
6210138,24
6215138,23
6220138,24
6225138,25
6230138,27
6235138,27
6240138,27
6245138,27
6250138,26
6255138,24
6260138,24
6265138,24
6270138,24
6275138,24
6280138,24
6285138,24
6290138,24
6295138,25
6300138,25
6305138,26
6310138,27
6315138,27
6320138,26
6325138,26
6330138,26
6335138,27
6340138,28
6345138,28
6350138,29
6355138,30
6360138,33
6365138,36
6370138,39
6375138,43
6380138,48
6385138,51
6390138,54
6395138,55
6400138,57
6405138,58
6410138,58
6415138,58
6420138,58
6425138,57
6430138,56
6435138,55
6440138,55
6445138,58
6450138,61
6455138,64
6460138,65
6465138,64
6470138,61
6475138,57
6480138,54
6485138,53
6490138,52
6495138,53
6500138,54
6505138,55
6510138,57
6515138,59
6520138,61
6525138,61
6530138,62
6535138,62
6540138,62
6545138,60
6550138,57
6555138,54
6560138,50
6565138,49
6570138,50
6575138,51
6580138,51
6585138,49
6590138,47
6595138,45
6600138,44
6605138,41
6610138,38
6615138,36
6620138,34
6625138,33
6630138,33
6635138,32
6640138,32
6645138,31
6650138,31
6655138,32
6660138,39
6665138,61
6670138,89
6675138,108
6680138,120
6685138,126
6690138,126
6695138,125
6700138,125
6705138,124
6710138,124
6715138,124
6720138,124
6725138,124
6730138,124
6735138,124
6740138,123
6745138,121
6750138,120
6755138,119
6760138,112
6765138,90
6770138,60
6775138,40
6780138,26
6785138,20
6790138,20
6795138,20
6800138,20
6805138,20
6810138,20
6815138,20
6820138,20
6825138,20
6830138,20
6835138,20
6840138,20
6845138,20
6850138,20
6855138,20
6860138,20
6865138,20
6870138,20
6875138,20
6880138,20
6885138,20
6890138,20
6895138,20
6900138,20
6905138,20
6910138,20
6915138,21
6920138,21
6925138,21
6930138,21
6935138,21
6940138,21
6945138,21
6950138,21
6955138,22
6960138,25
6965138,29
6970138,32
6975138,36
6980138,38
6985138,41
6990138,43
6995138,44
7000138,45
7005138,46
7010138,46
7015138,45
7020138,44
7025138,44
7030138,44
7035138,44
7040138,44
7045138,44
7050138,44
7055138,43
7060138,41
7065138,37
7070138,33
7075138,30
7080138,27
7085138,25
7090138,23
7095138,21
7100138,20
7105138,20
7110138,21
7115138,22
7120138,23
7125138,23
7130138,23
7135138,24
7140138,25
7145138,26
7150138,28
7155138,32
7160138,35
7165138,35
7170138,35
7175138,35
7180138,35
7185138,35
7190138,35
7195138,35
7200138,36
7205138,38
7210138,40
7215138,42
7220138,46
7225138,51
7230138,57
7235138,61
7240138,64
7245138,69
7250138,73
7255138,74
7260138,77
7265138,84
7270138,91
7275138,99
7280138,105
7285138,108
7290138,111
7295138,116
7300138,122
7305138,125
7310138,126
7315138,125
7320138,123
7325138,118
7330138,113
7335138,108
7340138,104
7345138,98
7350138,92
7355138,87
7360138,81
7365138,75
7370138,68
7375138,60
7380138,57
7385138,61
7390138,69
7395138,81
7400138,94
7405138,108
7410138,124
7415138,137
7420138,147
7425138,156
7430138,166
7435138,175
7440138,182
7445138,187
7450138,192
7455138,196
7460138,200
7465138,207
7470138,214
7475138,220
7480138,223
7485138,220
7490138,212
7495138,200
7500138,185
7505138,173
7510138,164
7515138,159
7520138,157
7525138,157
7530138,157
7535138,157
7540138,159
7545138,163
7550138,166
7555138,170
7560138,173
7565138,178
7570138,186
7575138,194
7580138,198
7585138,200
7590138,201
7595138,204
7600138,209
7605138,213
7610138,212
7615138,208
7620138,202
7625138,196
7630138,190
7635138,185
7640138,184
7645138,187
7650138,192
7655138,200
7660138,207
7665138,207
7670138,201
7675138,199
7680138,201
7685138,200
7690138,199
7695138,195
7700138,187
7705138,176
7710138,165
7715138,158
7720138,153
7725138,150
7730138,148
7735138,145
7740138,140
7745138,134
7750138,126
7755138,116
7760138,104
7765138,95
7770138,88
7775138,80
7780138,75
7785138,76
7790138,82
7795138,91
7800138,102
7805138,119
7810138,139
7815138,157
7820138,174
7825138,189
7830138,202
7835138,211
7840138,216
7845138,215
7850138,212
7855138,209
7860138,209
7865138,212
7870138,215
7875138,217
7880138,218
7885138,218
7890138,216
7895138,212
7900138,208
7905138,198
7910138,187
7915138,177
7920138,167
7925138,156
7930138,144
7935138,136
7940138,134
7945138,139
7950138,149
7955138,157
7960138,161
7965138,164
7970138,166
7975138,170
7980138,174
7985138,176
7990138,176
7995138,174
8000138,170
8005138,170
8010138,173
8015138,176
8020138,180
8025138,188
8030138,197
8035138,205
8040138,209
8045139,209
8050139,207
8055139,208
8060139,213
8065139,215
8070139,216
8075139,213
8080139,209
8085139,204
8090139,202
8095139,203
8100139,205
8105139,202
8110139,195
8115139,186
8120139,177
8125139,174
8130139,172
8135139,163
8140139,152
8145139,143
8150139,133
8155139,121
8160139,109
8165139,98
8170139,89
8175139,82
8180139,77
8185139,72
8190139,67
8195139,60
8200139,53
8205139,47
8210139,43
8215139,41
8220139,38
8225139,31
8230139,22
8235139,20
8240139,20
8245139,20
8250139,23
8255139,27
8260139,31
8265139,38
8270139,47
8275139,56
8280139,65
8285139,71
8290139,78
8295139,85
8300139,92
8305139,99
8310139,106
8315139,114
8320139,122
8325139,131
8330139,139
8335139,144
8340139,149
8345139,156
8350139,161
8355139,164
8360139,166
8365139,162
8370139,155
8375139,145
8380139,137
8385139,131
8390139,125
8395139,118
8400139,111
8405139,104
8410139,99
8415139,99
8420139,101
8425139,102
8430139,100
8435139,98
8440139,97
8445139,95
8450139,91
8455139,85
8460139,79
8465139,76
8470139,75
8475139,74
8480139,74
8485139,74
8490139,75
8495139,77
8500139,80
8505139,83
8510139,83
8515139,78
8520139,68
8525139,62
8530139,58
8535139,56
8540139,53
8545139,50
8550139,50
8555139,53
8560139,57
8565139,59
8570139,59
8575139,59
8580139,59
8585139,58
8590139,56
8595139,55
8600139,55
8605139,55
8610139,56
8615139,58
8620139,61
8625139,62
8630139,61
8635139,60
8640139,61
8645139,65
8650139,73
8655139,81
8660139,90
8665139,101
8670139,113
8675139,125
8680139,134
8685139,140
8690139,143
8695139,147
8700139,157
8705139,165
8710139,164
8715139,161
8720139,157
8725139,152
8730139,150
8735139,150
8740139,149
8745139,147
8750139,145
8755139,143
8760139,139
8765139,129
8770139,117
8775139,106
8780139,97
8785139,93
8790139,91
8795139,85
8800139,74
8805139,64
8810139,65
8815139,68
8820139,69
8825139,71
8830139,74
8835139,76
8840139,79
8845139,77
8850139,68
8855139,57
8860139,49
8865139,46
8870139,51
8875139,62
8880139,72
8885139,79
8890139,85
8895139,92
8900139,94
8905139,92
8910139,89
8915139,86
8920139,85
8925139,83
8930139,80
8935139,81
8940139,82
8945139,80
8950139,79
8955139,79
8960139,79
8965139,79
8970139,74
8975139,63
8980139,52
8985139,44
8990139,37
8995139,30
9000139,27
9005139,27
9010139,27
9015139,27
9020139,27
9025139,27
9030139,27
9035139,24
9040139,20
9045139,20
9050139,20
9055139,20
9060139,20
9065139,20
9070139,20
9075139,20
9080139,20
9085139,20
9090139,20
9095139,20
9100139,20
9105139,20
9110139,20
9115139,20
9120139,20
9125139,20
9130139,20
9135139,20
9140139,20
9145139,20
9150139,20
9155139,20
9160139,20
9165139,20
9170139,20
9175139,20
9180139,20
9185139,20
9190139,20
9195139,20
9200139,20
9205139,20
9210139,20
9215139,20
9220139,20
9225139,20
9230139,20
9235139,20
9240139,20
9245139,20
9250139,20
9255139,20
9260139,20
9265139,20
9270139,20
9275139,20
9280139,20
9285139,20
9290139,20
9295139,20
9300139,20
9305139,20
9310139,20
9315139,20
9320139,20
9325139,20
9330139,20
9335139,20
9340139,20
9345139,20
9350139,20
9355139,20
9360139,20
9365139,20
9370139,20
9375139,20
9380139,20
9385139,20
9390139,20
9395139,20
9400139,20
9405139,20
9410139,20
9415139,20
9420139,20
9425139,20
9430139,20
9435139,20
9440139,20
9445139,20
9450139,20
9455139,20
9460139,20
9465139,20
9470139,20
9475139,20
9480139,20
9485139,20
9490139,20
9495139,20
9500139,20
9505139,20
9510139,20
9515139,20
9520139,20
9525139,20
9530139,20
9535139,20
9540139,20
9545139,20
9550139,20
9555139,20
9560139,20
9565139,20
9570140,20
9575140,20
9580140,20
9585140,20
9590140,20
9595140,20
9600140,20
9605140,20
9610140,20
9615140,20
9620140,20
9625140,20
9630140,20
9635140,20
9640140,20
9645140,20
9650140,20
9655140,20
9660140,20
9665140,20
9670140,20
9675140,20
9680140,20
9685140,20
9690140,20
9695140,20
9700140,20
9705140,20
9710140,20
9715140,20
9720140,20
9725140,20
9730140,20
9735140,20
9740140,20
9745140,20
9750140,20
9755140,20
9760140,20
9765140,20
9770140,20
9775140,20
9780140,20
9785140,20
9790140,20
9795140,20
9800140,20
9805140,20
9810140,20
9815140,20
9820140,20
9825140,20
9830140,20
9835140,20
9840140,20
9845140,20
9850140,20
9855140,20
9860140,20
9865140,20
9870140,20
9875140,20
9880140,20
9885140,20
9890140,20
9895140,20
9900140,20
9905140,20
9910140,20
9915140,20
9920140,20
9925140,20
9930140,20
9935140,20
9940140,20
9945140,20
9950140,20
9955140,20
9960140,20
9965140,20
9970140,20
9975140,20
9980140,20
9985140,20
9990140,20
9995140,20
10000140,20
10005140,20
10010140,20
10015140,20
10020140,20
10025140,20
10030140,20
10035140,20
10040140,20
10045140,20
10050140,20
10055140,20
10060140,20
10065140,20
10070140,20
10075140,20
10080140,20
10085140,20
10090140,20
10095140,20
10100140,20
10105140,20
10110140,20
10115140,20
10120140,20
10125140,20
10130140,20
10135140,20
10140140,20
10145140,20
10150140,20
10155140,20
10160140,20
10165140,20
10170140,20
10175140,20
10180140,20
10185140,20
10190140,20
10195140,20
10200140,20
10205140,20
10210140,20
10215140,20
10220140,20
10225140,20
10230140,20
10235140,20
10240140,20
10245140,20
10250140,20
10255140,20
10260140,20
10265140,20
10270140,20
10275140,20
10280140,20
10285140,20
10290140,20
10295140,20
10300140,20
10305140,20
10310140,20
10315140,20
10320140,20
10325140,20
10330140,20
10335140,20
10340140,20
10345140,20
10350140,20
10355140,20
10360140,20
10365140,20
10370140,20
10375140,20
10380140,20
10385140,20
10390140,20
10395140,20
10400140,20
10405140,20
10410140,20
10415140,20
10420140,20
10425140,20
10430140,20
10435140,20
10440140,20
10445140,20
10450140,20
10455140,21
10460140,22
10465140,22
10470140,24
10475140,25
10480140,26
10485140,27
10490140,28
10495140,30
10500140,31
10505140,33
10510140,34
10515140,36
10520140,37
10525140,39
10530140,41
10535140,42
10540140,44
10545140,45
10550140,46
10555140,47
10560140,48
10565140,49
10570140,51
10575140,52
10580140,53
10585140,54
10590140,56
10595140,57
10600140,58
10605140,60
10610140,61
10615140,63
10620140,64
10625140,65
10630140,66
10635140,68
10640140,69
10645140,71
10650140,72
10655140,74
10660140,75
10665140,76
10670140,77
10675140,78
10680140,79
10685140,79
10690140,80
10695140,81
10700140,82
10705140,82
10710140,83
10715140,84
10720140,86
10725140,88
10730140,90
10735140,92
10740140,94
10745140,96
10750140,99
10755140,101
10760140,104
10765140,107
10770140,110
10775140,113
10780140,116
10785140,119
10790140,121
10795140,124
10800140,127
10805140,129
10810140,132
10815140,133
10820140,135
10825140,136
10830140,138
10835140,140
10840140,143
10845140,147
10850140,150
10855140,152
10860140,154
10865140,157
10870140,160
10875140,161
10880140,162
10885140,163
10890140,164
10895140,165
10900140,166
10905140,167
10910140,168
10915140,170
10920140,172
10925140,174
10930140,176
10935140,178
10940140,178
10945140,179
10950140,180
10955140,181
10960140,182
10965140,182
10970140,181
10975140,181
10980140,181
10985140,182
10990140,183
10995140,184
11000140,185
11005140,186
11010140,187
11015140,187
11020140,187
11025140,187
11030140,188
11035140,189
11040140,190
11045140,191
11050140,193
11055140,195
11060140,197
11065140,198
11070140,201
11075140,203
11080140,206
11085140,208
11090140,210
11095140,213
11100140,215
11105140,216
11110140,218
11115140,220
11120140,222
11125140,224
11130140,226
11135140,227
11140140,227
11145140,228
11150140,229
11155140,230
11160140,231
11165140,233
11170140,235
11175141,237
11180141,239
11185141,240
11190141,242
11195141,243
11200141,246
11205141,248
11210141,251
11215141,255
11220141,258
11225141,262
11230141,265
11235141,269
11240141,273
11245141,276
11250141,278
11255141,280
11260141,282
11265141,284
11270141,287
11275141,290
11280141,293
11285141,296
11290141,300
11295141,303
11300141,305
11305141,307
11310141,308
11315141,306
11320141,303
11325141,300
11330141,298
11335141,295
11340141,292
11345141,290
11350141,288
11355141,286
11360141,286
11365141,285
11370141,284
11375141,283
11380141,282
11385141,281
11390141,280
11395141,280
11400141,280
11405141,281
11410141,283
11415141,286
11420141,290
11425141,295
11430141,299
11435141,303
11440141,307
11445141,310
11450141,313
11455141,315
11460141,317
11465141,320
11470141,323
11475141,327
11480141,330
11485141,334
11490141,337
11495141,341
11500141,345
11505141,349
11510141,353
11515141,356
11520141,360
11525141,363
11530141,366
11535141,369
11540141,369
11545141,368
11550141,366
11555141,366
11560141,365
11565141,364
11570141,362
11575141,359
11580141,357
11585141,356
11590141,358
11595141,360
11600141,362
11605141,364
11610141,367
11615141,369
11620141,371
11625141,372
11630141,373
11635141,376
11640141,380
11645141,386
11650141,393
11655141,400
11660141,407
11665141,413
11670141,419
11675141,425
11680141,432
11685141,436
11690141,438
11695141,440
11700141,440
11705141,440
11710141,440
11715141,441
11720141,442
11725141,444
11730141,445
11735141,447
11740141,450
11745141,452
11750141,452
11755141,452
11760141,452
11765141,452
11770141,452
11775141,451
11780141,450
11785141,448
11790141,444
11795141,441
11800141,438
11805141,437
11810141,438
11815141,439
11820141,440
11825141,441
11830141,441
11835141,442
11840141,444
11845141,445
11850141,448
11855141,450
11860141,452
11865141,454
11870141,455
11875141,457
11880141,458
11885141,459
11890141,462
11895141,464
11900141,464
11905141,461
11910141,457
11915141,452
11920141,447
11925141,443
11930141,440
11935141,437
11940141,433
11945141,427
11950141,419
11955141,410
11960141,401
11965141,393
11970141,386
11975141,380
11980141,375
11985141,371
11990141,367
11995141,363
12000141,360
12005141,357
12010141,354
12015141,350
12020141,347
12025141,343
12030141,338
12035141,333
12040141,330
12045141,328
12050141,329
12055141,332
12060141,336
12065141,340
12070141,340
12075141,339
12080141,336
12085141,333
12090141,330
12095141,328
12100141,327
12105141,329
12110141,331
12115141,336
12120141,340
12125141,341
12130141,341
12135141,340
12140141,337
12145141,332
12150141,327
12155141,322
12160141,317
12165141,313
12170141,311
12175141,310
12180141,310
12185141,311
12190141,311
12195141,311
12200141,310
12205141,308
12210141,304
12215141,300
12220141,296
12225141,294
12230141,293
12235141,294
12240141,297
12245141,301
12250141,304
12255141,305
12260141,303
12265141,300
12270141,297
12275141,294
12280141,289
12285141,282
12290141,275
12295141,270
12300141,266
12305141,264
12310141,263
12315141,262
12320141,262
12325141,260
12330141,258
12335141,254
12340141,250
12345141,245
12350141,240
12355141,236
12360141,233
12365141,231
12370141,229
12375141,227
12380141,227
12385141,229
12390141,230
12395141,229
12400141,227
12405141,224
12410141,220
12415141,214
12420141,209
12425141,205
12430141,200
12435141,194
12440141,188
12445141,184
12450141,182
12455141,181
12460141,180
12465141,180
12470141,179
12475141,177
12480141,174
12485141,172
12490141,170
12495141,168
12500141,167
12505141,165
12510141,163
12515141,160
12520141,157
12525141,153
12530141,151
12535141,150
12540141,151
12545141,150
12550141,148
12555141,144
12560141,140
12565141,136
12570141,131
12575141,127
12580141,122
12585141,116
12590141,111
12595141,107
12600141,103
12605141,100
12610141,98
12615141,96
12620141,94
12625141,92
12630141,90
12635141,88
12640141,85
12645141,82
12650141,80
12655141,78
12660141,76
12665141,75
12670141,75
12675141,75
12680141,76
12685141,77
12690141,78
12695141,77
12700141,76
12705141,74
12710141,72
12715141,69
12720141,67
12725141,66
12730141,66
12735141,66
12740141,65
12745141,64
12750141,63
12755141,62
12760141,62
12765141,61
12770141,60
12775141,58
12780141,55
12785141,53
12790141,51
12795141,49
12800141,48
12805141,47
12810141,47
12815141,47
12820141,47
12825141,46
12830141,46
12835141,45
12840141,43
12845141,41
12850141,39
12855141,37
12860141,35
12865141,33
12870141,33
12875141,33
12880141,34
12885141,35
12890141,36
12895141,36
12900141,38
12905141,38
12910141,38
12915141,38
12920141,37
12925141,36
12930141,34
12935141,32
12940141,32
12945141,33
12950141,33
12955141,33
12960141,33
12965141,33
12970141,32
12975141,31
12980141,30
12985141,29
12990141,28
12995141,27
13000141,25
13005141,24
13010141,23
13015141,23
13020141,23
13025141,23
13030141,23
13035141,22
13040141,22
13045141,21
13050141,21
13055141,21
13060141,21
13065141,21
13070141,21
13075141,21
13080141,20
13085141,20
13090141,20
13095141,21
13100141,21
13105141,22
13110141,23
13115141,24
13120141,25
13125141,26
13130141,26
13135141,26
13140141,26
13145141,26
13150141,26
13155141,26
13160141,26
13165141,27
13170141,27
13175141,27
13180141,27
13185141,27
13190141,27
13195141,27
13200141,27
13205141,27
13210141,28
13215141,27
13220141,26
13225141,26
13230141,26
13235141,26
13240141,26
13245141,26
13250141,27
13255141,27
13260141,26
13265141,26
13270141,25
13275141,25
13280141,25
13285141,25
13290141,25
13295141,25
13300141,24
13305141,23
13310141,21
13315141,21
13320141,21
13325141,22
13330141,23
13335141,23
13340141,23
13345141,23
13350141,22
13355141,22
13360141,22
13365141,22
13370141,22
13375141,22
13380141,22
13385141,22
13390141,22
13395141,22
13400141,22
13405141,22
13410141,22
13415141,23
13420141,22
13425141,22
13430141,21
13435141,21
13440141,21
13445141,21
13450141,21
13455141,21
13460141,21
13465141,21
13470141,21
13475141,21
13480141,21
13485141,21
13490141,21
13495141,21
13500141,21
13505141,21
13510141,21
13515141,21
13520141,21
13525141,21
13530141,21
13535141,21
13540141,21
13545141,21
13550141,21
13555141,21
13560141,21
13565141,21
13570141,21
13575141,21
13580141,21
13585141,21
13590141,21
13595141,21
13600141,21
13605141,21
13610141,21
13615141,21
13620141,20
13625141,20
13630141,20
13635141,20
13640141,20
13645141,20
13650141,21
13655141,22
13660141,23
13665141,25
13670141,26
13675141,27
13680141,27
13685141,27
13690141,27
13695141,27
13700141,27
13705141,27
13710141,27
13715141,27
13720141,27
13725141,27
13730141,27
13735141,28
13740141,28
13745141,28
13750141,27
13755141,25
13760141,24
13765141,23
13770141,22
13775141,21
13780141,21
13785141,21
13790141,21
13795141,21
13800141,21
13805141,21
13810141,22
13815141,23
13820141,25
13825141,25
13830141,25
13835141,25
13840141,25
13845141,25
13850141,25
13855141,25
13860141,25
13865141,25
13870141,25
13875141,26
13880141,26
13885141,26
13890141,26
13895141,26
13900141,26
13905141,26
13910141,25
13915141,23
13920141,22
13925141,22
13930141,22
13935141,22
13940141,23
13945141,23
13950141,23
13955141,23
13960141,23
13965141,23
13970141,22
13975141,21
13980141,21
13985141,21
13990141,21
13995141,22
14000141,24
14005141,27
14010141,30
14015141,32
14020141,33
14025141,33
14030141,33
14035141,32
14040141,32
14045141,32
14050141,32
14055141,33
14060141,33
14065141,33
14070141,33
14075141,33
14080141,33
14085141,34
14090141,34
14095141,34
14100141,32
14105141,30
14110141,27
14115141,25
14120141,24
14125141,24
14130141,24
14135141,24
14140141,24
14145141,24
14150141,23
14155141,22
14160141,22
14165141,22
14170141,22
14175141,22
14180141,22
14185141,22
14190141,21
14195141,21
14200141,21
14205141,21
14210141,20
14215141,20
14220141,20
14225141,21
14230141,23
14235141,24
14240141,24
14245141,26
14250141,27
14255142,29
14260142,29
14265142,29
14270142,29
14275142,29
14280142,29
14285142,29
14290142,29
14295142,29
14300142,29
14305142,29
14310142,29
14315142,29
14320142,29
14325142,28
14330142,27
14335142,27
14340142,26
14345142,25
14350142,23
14355142,22
14360142,21
14365142,21
14370142,22
14375142,23
14380142,24
14385142,25
14390142,26
14395142,26
14400142,26
14405142,26
14410142,26
14415142,26
14420142,27
14425142,27
14430142,27
14435142,27
14440142,27
14445142,27
14450142,27
14455142,27
14460142,28
14465142,29
14470142,30
14475142,32
14480142,32
14485142,32
14490142,32
14495142,32
14500142,32
14505142,32
14510142,33
14515142,34
14520142,34
14525142,34
14530142,34
14535142,34
14540142,35
14545142,35
14550142,35
14555142,35
14560142,35
14565142,33
14570142,32
14575142,30
14580142,28
14585142,27
14590142,28
14595142,29
14600142,31
14605142,32
14610142,32
14615142,33
14620142,33
14625142,32
14630142,32
14635142,31
14640142,31
14645142,31
14650142,31
14655142,30
14660142,30
14665142,29
14670142,29
14675142,29
14680142,30
14685142,30
14690142,30
14695142,29
14700142,27
14705142,25
14710142,24
14715142,23
14720142,22
14725142,22
14730142,23
14735142,23
14740142,23
14745142,23
14750142,23
14755142,23
14760142,23
14765142,23
14770142,23
14775142,23
14780142,22
14785142,22
14790142,21
14795142,22
14800142,23
14805142,25
14810142,27
14815142,27
14820142,27
14825142,26
14830142,26
14835142,26
14840142,26
14845142,27
14850142,28
14855142,29
14860142,29
14865142,29
14870142,29
14875142,29
14880142,29
14885142,28
14890142,28
14895142,27
14900142,26
14905142,24
14910142,22
14915142,22
14920142,23
14925142,24
14930142,24
14935142,24
14940142,24
14945142,24
14950142,22
14955142,22
14960142,21
14965142,21
14970142,21
14975142,22
14980142,23
14985142,23
14990142,23
14995142,23
15000142,23
15005142,23
15010142,23
15015142,23
15020142,23
15025142,22
15030142,22
15035142,24
15040142,26
15045142,26
15050142,26
15055142,27
15060142,28
15065142,31
15070142,33
15075142,35
15080142,35
15085142,34
15090142,34
15095142,34
15100142,34
15105142,34
15110142,35
15115142,35
15120142,36
15125142,36
15130142,34
15135142,33
15140142,31
15145142,31
15150142,31
15155142,30
15160142,29
15165142,26
15170142,24
15175142,22
15180142,21
15185142,21
15190142,22
15195142,23
15200142,24
15205142,24
15210142,25
15215142,26
15220142,27
15225142,28
15230142,28
15235142,28
15240142,28
15245142,28
15250142,28
15255142,28
15260142,28
15265142,29
15270142,29
15275142,29
15280142,29
15285142,29
15290142,29
15295142,28
15300142,27
15305142,26
15310142,25
15315142,24
15320142,22
15325142,22
15330142,22
15335142,22
15340142,22
15345142,22
15350142,22
15355142,22
15360142,23
15365142,24
15370142,25
15375142,26
15380142,26
15385142,27
15390142,27
15395142,27
15400142,27
15405142,27
15410142,27
15415142,27
15420142,26
15425142,26
15430142,26
15435142,27
15440142,28
15445142,28
15450142,29
15455142,30
15460142,30
15465142,29
15470142,28
15475142,27
15480142,27
15485142,27
15490142,27
15495142,27
15500142,27
15505142,27
15510142,27
15515142,27
15520142,27
15525142,26
15530142,26
15535142,25
15540142,24
15545142,24
15550142,23
15555142,22
15560142,21
15565142,20
15570142,20
15575142,21
15580142,22
15585142,23
15590142,23
15595142,23
15600142,23
15605142,23
15610142,23
15615142,23
15620142,23
15625142,24
15630142,25
15635142,25
15640142,25
15645142,25
15650142,25
15655142,25
15660142,25
15665142,27
15670142,28
15675142,29
15680142,29
15685142,28
15690142,29
15695142,29
15700142,29
15705142,29
15710142,29
15715142,29
15720142,28
15725142,27
15730142,26
15735142,26
15740142,26
15745142,26
15750143,26
15755143,26
15760143,26
15765143,25
15770143,23
15775143,22
15780143,22
15785143,24
15790143,26
15795143,26
15800143,27
15805143,28
15810143,29
15815143,30
15820143,31
15825143,32
15830143,32
15835143,32
15840143,32
15845143,32
15850143,32
15855143,32
15860143,32
15865143,32
15870143,32
15875143,32
15880143,30
15885143,28
15890143,26
15895143,25
15900143,25
15905143,24
15910143,23
15915143,22
15920143,22
15925143,21
15930143,21
15935143,21
15940143,21
15945143,21
15950143,21
15955143,21
15960143,21
15965143,21
15970143,21
15975143,21
15980143,22
15985143,23
15990143,23
15995143,23
16000143,23
16005143,24
16010143,25
16015143,25
16020143,26
16025143,26
16030143,26
16035143,26
16040143,26
16045143,26
16050143,26
16055143,26
16060143,26
16065143,26
16070143,26
16075143,26
16080143,26
16085143,26
16090143,28
16095143,29
16100143,29
16105143,28
16110143,27
16115143,27
16120143,27
16125143,26
16130143,26
16135143,26
16140143,26
16145143,26
16150143,26
16155143,26
16160143,26
16165143,26
16170143,26
16175143,26
16180143,27
16185143,26
16190143,26
16195143,27
16200143,29
16205143,30
16210143,31
16215143,30
16220143,30
16225143,30
16230143,30
16235143,30
16240143,31
16245143,31
16250143,31
16255143,31
16260143,31
16265143,31
16270143,31
16275143,30
16280143,30
16285143,29
16290143,27
16295143,25
16300143,24
16305143,24
16310143,24
16315143,25
16320143,26
16325143,27
16330143,27
16335143,26
16340143,26
16345143,26
16350143,26
16355143,26
16360143,26
16365143,26
16370143,26
16375143,27
16380143,27
16385143,27
16390143,27
16395143,27
16400143,26
16405143,25
16410143,24
16415143,23
16420143,22
16425143,21
16430143,21
16435143,21
16440143,21
16445143,21
16450143,21
16455143,21
16460143,22
16465143,23
16470143,25
16475143,27
16480143,27
16485143,27
16490143,27
16495143,28
16500143,29
16505143,29
16510143,29
16515143,28
16520143,28
16525143,28
16530143,28
16535143,28
16540143,28
16545143,29
16550143,29
16555143,29
16560143,28
16565143,27
16570143,24
16575143,23
16580143,23
16585143,23
16590143,24
16595143,25
16600143,24
16605143,24
16610143,24
16615143,24
16620143,24
16625143,24
16630143,25
16635143,25
16640143,25
16645143,24
16650143,25
16655143,26
16660143,27
16665143,27
16670143,27
16675143,27
16680143,27
16685143,26
16690143,25
16695143,26
16700143,25
16705143,25
16710143,25
16715143,25
16720143,26
16725143,28
16730143,29
16735143,29
16740143,29
16745143,29
16750143,28
16755143,27
16760143,26
16765143,26
16770143,26
16775143,26
16780143,26
16785143,26
16790143,26
16795143,26
16800143,27
16805143,27
16810143,27
16815143,28
16820143,27
16825143,25
16830143,25
16835143,27
16840143,30
16845143,34
16850143,36
16855143,39
16860143,42
16865143,43
16870143,43
16875143,43
16880143,43
16885143,42
16890143,42
16895143,42
16900143,41
16905143,41
16910143,41
16915143,41
16920143,41
16925143,41
16930143,40
16935143,37
16940143,34
16945143,31
16950143,28
16955143,25
16960143,23
16965143,22
16970143,22
16975143,22
16980143,22
16985143,22
16990143,21
16995143,21
17000143,21
17005143,22
17010143,23
17015143,24
17020143,26
17025143,27
17030143,28
17035143,29
17040143,30
17045143,32
17050143,34
17055143,35
17060143,35
17065143,35
17070143,37
17075143,39
17080143,42
17085143,45
17090143,49
17095143,54
17100143,57
17105143,59
17110143,59
17115143,58
17120143,57
17125143,55
17130143,54
17135143,54
17140143,52
17145143,51
17150143,49
17155143,48
17160143,49
17165143,50
17170143,50
17175143,49
17180143,46
17185143,44
17190143,40
17195143,36
17200143,33
17205143,30
17210143,28
17215143,27
17220143,27
17225143,27
17230143,28
17235143,29
17240143,30
17245143,32
17250143,33
17255143,32
17260143,31
17265143,31
17270143,31
17275143,33
17280143,34
17285143,33
17290143,33
17295143,33
17300143,34
17305143,35
17310143,35
17315143,35
17320143,35
17325143,35
17330143,35
17335143,34
17340143,32
17345143,31
17350143,30
17355144,31
17360144,34
17365144,36
17370144,35
17375144,35
17380144,34
17385144,35
17390144,36
17395144,35
17400144,34
17405144,33
17410144,34
17415144,35
17420144,35
17425144,35
17430144,35
17435144,37
17440144,38
17445144,40
17450144,42
17455144,41
17460144,38
17465144,35
17470144,33
17475144,32
17480144,32
17485144,32
17490144,32
17495144,32
17500144,32
17505144,32
17510144,31
17515144,31
17520144,33
17525144,36
17530144,38
17535144,39
17540144,38
17545144,36
17550144,35
17555144,35
17560144,35
17565144,35
17570144,35
17575144,34
17580144,35
17585144,36
17590144,36
17595144,35
17600144,35
17605144,35
17610144,37
17615144,39
17620144,40
17625144,38
17630144,36
17635144,34
17640144,34
17645144,34
17650144,34
17655144,34
17660144,34
17665144,34
17670144,34
17675144,35
17680144,35
17685144,34
17690144,34
17695144,35
17700167,35
17705167,36
17710167,35
17715167,33
17720167,31
17725167,31
17730167,31
17735167,31
17740167,30
17745167,30
17750167,30
17755167,30
17760167,30
17765167,31
17770167,31
17775167,31
17780167,30
17785167,28
17790167,28
17795167,27
17800167,26
17805167,25
17810167,25
17815167,24
17820167,23
17825167,22
17830167,21
17835167,21
17840167,21
17845167,22
17850167,24
17855167,27
17860167,28
17865167,29
17870167,30
17875167,31
17880167,32
17885167,33
17890167,33
17895167,33
17900167,34
17905167,35
17910167,36
17915167,37
17920167,37
17925167,37
17930167,37
17935167,37
17940167,37
17945167,37
17950167,36
17955167,34
17960167,33
17965167,34
17970167,34
17975167,35
17980167,36
17985167,38
17990167,39
17995167,40
18000167,42
18005167,42
18010167,43
18015167,43
18020167,46
18025167,49
18030167,53
18035167,54
18040167,54
18045167,54
18050167,53
18055167,52
18060167,51
18065167,50
18070167,48
18075167,46
18080167,45
18085167,45
18090167,46
18095167,46
18100167,45
18105167,44
18110167,43
18115167,41
18120167,39
18125167,36
18130167,34
18135167,33
18140167,33
18145167,33
18150167,33
18155167,33
18160167,34
18165167,35
18170167,36
18175167,36
18180167,34
18185167,32
18190167,30
18195167,29
18200167,28
18205167,27
18210167,27
18215167,27
18220167,27
18225167,26
18230167,25
18235167,25
18240167,25
18245167,25
18250167,25
18255167,24
18260167,25
18265167,26
18270167,27
18275167,29
18280167,33
18285167,36
18290167,38
18295167,38
18300167,38
18305167,38
18310167,38
18315167,38
18320167,40
18325167,42
18330167,46
18335167,50
18340167,55
18345167,60
18350167,64
18355167,67
18360167,69
18365167,69
18370167,70
18375167,70
18380167,69
18385167,68
18390167,68
18395167,69
18400167,70
18405167,71
18410167,72
18415167,74
18420167,74
18425167,74
18430167,71
18435167,68
18440167,63
18445167,58
18450167,55
18455167,52
18460167,49
18465167,46
18470167,44
18475167,43
18480167,42
18485167,42
18490167,42
18495167,40
18500167,40
18505167,40
18510167,40
18515167,40
18520167,38
18525167,36
18530167,35
18535167,34
18540167,33
18545167,33
18550167,33
18555167,34
18560167,35
18565167,35
18570167,34
18575167,33
18580167,31
18585167,29
18590167,27
18595167,27
18600167,27
18605167,25
18610167,23
18615167,22
18620167,22
18625167,22
18630167,23
18635167,24
18640167,24
18645167,24
18650167,24
18655167,23
18660167,23
18665167,23
18670167,23
18675167,23
18680167,24
18685167,26
18690167,28
18695167,31
18700167,34
18705167,37
18710167,40
18715167,43
18720167,47
18725167,49
18730167,50
18735167,50
18740167,50
18745167,51
18750167,51
18755167,51
18760167,51
18765167,52
18770167,54
18775167,55
18780167,55
18785167,55
18790167,53
18795167,50
18800167,49
18805167,49
18810167,49
18815167,49
18820167,48
18825167,48
18830167,47
18835167,48
18840167,49
18845167,49
18850167,50
18855167,51
18860167,51
18865167,51
18870167,50
18875167,49
18880167,50
18885167,51
18890167,51
18895167,52
18900167,53
18905167,52
18910169,50
18915169,47
18920169,44
18925169,41
18930169,40
18935169,40
18940169,41
18945169,42
18950169,43
18955169,43
18960169,43
18965169,44
18970169,44
18975169,44
18980169,42
18985169,40
18990169,38
18995169,36
19000169,34
19005169,33
19010169,32
19015169,33
19020169,34
19025169,36
19030169,38
19035169,38
19040169,37
19045169,37
19050169,36
19055169,36
19060169,36
19065169,36
19070169,35
19075169,34
19080169,34
19085169,34
19090169,34
19095169,35
19100169,37
19105169,38
19110169,40
19115169,42
19120169,43
19125169,44
19130169,45
19135169,45
19140169,45
19145169,43
19150169,42
19155169,41
19160169,41
19165169,40
19170169,40
19175169,40
19180169,40
19185169,41
19190169,44
19195169,47
19200169,48
19205169,49
19210169,50
19215169,50
19220169,49
19225169,48
19230169,46
19235169,45
19240169,46
19245169,47
19250169,48
19255169,50
19260169,50
19265169,50
19270169,50
19275169,51
19280169,51
19285169,51
19290169,49
19295169,47
19300169,46
19305169,45
19310169,44
19315169,42
19320169,41
19325169,40
19330169,39
19335169,39
19340169,40
19345169,40
19350169,38
19355169,36
19360169,36
19365169,36
19370169,36
19375169,37
19380169,39
19385169,41
19390169,43
19395169,45
19400169,46
19405169,46
19410169,46
19415169,45
19420169,44
19425169,44
19430169,43
19435169,42
19440169,40
19445169,41
19450169,43
19455169,46
19460169,50
19465169,52
19470169,54
19475169,54
19480169,53
19485169,52
19490169,50
19495169,49
19500169,46
19505169,44
19510169,43
19515169,43
19520169,43
19525169,43
19530169,43
19535169,45
19540169,46
19545169,45
19550169,42
19555169,39
19560169,36
19565169,33
19570169,31
19575169,31
19580169,32
19585169,33
19590169,33
19595169,33
19600169,34
19605169,34
19610169,34
19615169,34
19620169,35
19625169,36
19630169,39
19635169,40
19640169,40
19645169,40
19650169,41
19655169,43
19660169,46
19665169,49
19670169,49
19675169,47
19680169,45
19685169,45
19690169,46
19695169,48
19700169,49
19705169,51
19710169,54
19715169,54
19720169,54
19725169,53
19730169,49
19735169,47
19740169,46
19745169,46
19750169,45
19755169,45
19760169,44
19765169,43
19770169,42
19775169,44
19780169,45
19785169,44
19790169,42
19795169,41
19800169,41
19805169,40
19810169,40
19815169,41
19820169,43
19825169,44
19830169,45
19835169,47
19840169,49
19845169,51
19850169,53
19855169,52
19860169,50
19865169,49
19870169,50
19875169,48
19880169,47
19885169,46
19890169,45
19895169,43
19900169,41
19905169,42
19910169,44
19915169,45
19920169,48
19925169,50
19930169,51
19935169,52
19940169,51
19945169,50
19950169,49
19955169,49
19960169,49
19965169,48
19970169,47
19975169,46
19980169,46
19985169,47
19990169,47
19995169,47
20000169,47
20005169,46
20010169,45
20015169,43
20020169,40
20025169,38
20030169,36
20035169,35
20040169,35
20045169,35
20050169,35
20055169,35
20060169,35
20065169,35
20070169,35
20075169,35
20080169,35
20085169,35
20090169,34
20095169,34
20100169,33
20105169,32
20110169,32
20115169,32
20120169,35
20125169,37
20130169,38
20135169,40
20140169,41
20145169,42
20150169,43
20155169,44
20160169,44
20165169,44
20170169,44
20175169,44
20180169,44
20185169,44
20190169,44
20195169,44
20200169,44
20205169,45
20210169,45
20215169,44
20220169,42
20225169,39
20230169,36
20235169,34
20240169,31
20245169,29
20250169,27
20255169,26
20260169,28
20265169,32
20270169,36
20275169,40
20280169,43
20285169,47
20290169,48
20295169,48
20300169,48
20305169,47
20310169,45
20315169,44
20320169,42
20325169,42
20330169,42
20335169,42
20340169,42
20345169,42
20350169,42
20355169,42
20360169,41
20365169,39
20370169,34
20375169,31
20380169,27
20385169,24
20390169,22
20395169,22
20400169,22
20405169,22
20410169,22
20415169,22
20420169,22
20425169,23
20430169,24
20435169,26
20440169,28
20445169,31
20450169,33
20455169,35
20460169,38
20465169,40
20470169,46
20475169,51
20480169,54
20485169,56
20490169,58
20495169,61
20500169,65
20505169,67
20510169,69
20515170,69
20520170,70
20525170,69
20530170,68
20535170,66
20540170,64
20545170,61
20550170,59
20555170,57
20560170,53
20565170,49
20570170,44
20575170,39
20580170,35
20585170,34
20590170,35
20595170,38
20600170,41
20605170,46
20610170,51
20615170,56
20620170,61
20625170,66
20630170,70
20635170,72
20640170,72
20645170,72
20650170,72
20655170,72
20660170,72
20665170,72
20670170,72
20675170,72
20680170,72
20685170,71
20690170,68
20695170,63
20700170,56
20705170,49
20710170,42
20715170,36
20720170,31
20725170,26
20730170,22
20735170,22
20740170,23
20745170,25
20750170,27
20755170,30

--- END OF DATA ---